10
1.35477 8.35009 9.68868 2.21034 3.08167 5.47221 1.88382 9.92881 9.96461 9.67695 
7.25839 9.8111 1.09862 7.98106 2.97029 0.0478348 1.12465 6.39763 8.78431 5.03663 
7.97929 3.61294 2.11924 6.8136 3.98739 7.40647 4.74759 4.22088 1.73865 3.01913 
7.9728 3.1655 8.72429 1.49114 9.94068 8.21903 1.25183 7.6375 4.90589 6.63606 
1.25897 2.10209 0.512164 0.364413 4.08731 4.57989 4.87569 7.93975 9.20875 8.07531 
7.05774 0.0281843 7.10704 6.43961 4.56033 7.73917 5.73755 8.76757 8.08175 0.177739 
8.21246 8.20841 9.40074 4.12667 4.23165 5.80957 1.58058 7.61731 2.30156 8.09735 
9.88522 3.32448 2.99832 0.135391 2.17238 9.07365 8.48468 9.55018 7.78898 9.8746 
0.675954 7.93598 5.94504 7.32799 6.95233 6.7982 3.9232 5.61557 2.08068 5.27371 
4.04209 3.52762 5.92824 3.56345 9.64966 1.54438 3.94908 3.87296 7.26955 3.8857 
9.27493 4.36118 8.62678 6.2036 1.19547
100
0.01
